.Random.seed <-
c(403L, 380L, 1520838649L, 1209544520L, 1685158518L, 2056238001L, 
-699650589L, -857509198L, -886010108L, -9817017L, -1600568547L, 
-1935402604L, -275456710L, 1034961285L, -910814625L, 943273190L, 
-448428176L, 1069582483L, 568886577L, -1553132576L, -1900052354L, 
818633481L, -1764901573L, 187683082L, -1799388948L, -931615377L, 
-1811942747L, 899927132L, -1351660494L, 539314989L, 2145800679L, 
-1585451762L, -1205681432L, 613518571L, -1448884855L, 1672156440L, 
1027053638L, -56573791L, -770226381L, 1893324450L, -908008044L, 
-117543913L, 706706445L, -1694705372L, -1891322614L, -2092886923L, 
-308478001L, -332488490L, -1940938624L, 81403587L, -1256986527L, 
-1561667376L, 1847235118L, 554103769L, 1150057451L, 884841050L, 
-1768952804L, -466257633L, -1041634955L, 1302095884L, 942731746L, 
1731480253L, 1439761719L, -494409250L, 2066329368L, -533535109L, 
-936713191L, 1316590760L, 466759254L, 778259153L, 825207427L, 
592339218L, 2020164772L, 353604711L, -2115265091L, -543072460L, 
-1062732646L, 718127845L, 2027142271L, 969668102L, 741392784L, 
1008991283L, 646157265L, 570481024L, 1370322014L, -528702551L, 
-676988325L, 457285226L, 1187865356L, -959625905L, 2035891717L, 
1056261308L, -704858734L, -481300851L, 150693063L, 2067268014L, 
-1280693240L, 1220698123L, -681257751L, -589401160L, -1118258074L, 
-1873896191L, 444431251L, -896197566L, 1346249716L, 650538487L, 
1077113325L, -1259076988L, 1897673898L, -155246059L, -1667064145L, 
1776557238L, 710699744L, 764614179L, -455829183L, -596163536L, 
923475534L, -278410567L, 1318006475L, 948377466L, -1976246660L, 
-374875457L, -863323243L, 796654508L, 573305218L, -1422903459L, 
528898647L, -1598926530L, -2043842184L, 500402779L, 2018803129L, 
1280417800L, -23862602L, 1446148593L, 1822978083L, -402616206L, 
1805841092L, -1093540729L, -1872127907L, 1723760212L, -149029766L, 
1170499525L, -775280353L, -835802970L, -1416033744L, 933400787L, 
-781639951L, 1740455456L, 1656408254L, 1332333769L, -485071237L, 
-262413238L, -1945555796L, -774800465L, 604536677L, -1763633892L, 
897269106L, -1123600915L, 1257298471L, 1168144974L, 878263976L, 
-1433971541L, -1584392759L, 2127796696L, 165482630L, 1394777441L, 
-196366093L, -2075394206L, -1316537900L, -1838543657L, 2000703181L, 
1220028004L, -1464753078L, -1693781579L, 711589135L, 1016953366L, 
-747629376L, -920407421L, -182182239L, -896823152L, -1294304402L, 
669541657L, 1865848235L, -645270630L, -981947556L, -1698076065L, 
-1124675019L, 2036906444L, -1806364382L, -304491651L, -1151618953L, 
-976341602L, 1291275352L, -2072823365L, 1155432281L, -806126360L, 
1515234582L, -2063894895L, -180798653L, 806708818L, -1880422172L, 
-2004559065L, 1102638973L, -1220574604L, 1348770906L, -1946016603L, 
1125547711L, -504748730L, -682497072L, 1337861619L, 1397100817L, 
102399296L, 666942750L, 516008425L, 1583123227L, -719219414L, 
1273253452L, 707680783L, -1221558971L, -814293252L, -1085115054L, 
-1566688563L, 1714623111L, -1460013714L, 1659121480L, 2049268555L, 
178504361L, -934090760L, 841582374L, 197614978L, -1982673688L, 
1630055660L, -856184772L, -143471502L, 666123376L, -1076628956L, 
46618168L, -1216015846L, 394106064L, -1327602116L, -236593004L, 
-1366610814L, -1507324992L, -1367019204L, -705581424L, 1766523938L, 
1139470344L, -58100596L, -593001444L, -1675038574L, -31546240L, 
-903717868L, 887789352L, -1818441670L, -1197180720L, -1191348116L, 
-130593100L, 221801490L, 996496352L, -696409140L, -1494572576L, 
-775002078L, -705469144L, 1129427212L, 882483772L, -859670286L, 
-317670160L, -2013112508L, 429595736L, 1763997242L, 1677103344L, 
-849987908L, 124785172L, -509510462L, 1523616352L, -990568068L, 
-365081392L, -1451595742L, 1738568872L, 924213644L, -747761220L, 
932990002L, -2095147200L, -1017081164L, 1172520264L, -795552070L, 
-1983102192L, 1670502636L, -2045940652L, 1331530514L, 1214639520L, 
166328268L, 946320224L, -896885566L, -1374698968L, 2036530604L, 
-1589867716L, 886579058L, -338936016L, 822641700L, -157908424L, 
-91699494L, 858948496L, -19638020L, -1248026220L, 1099916098L, 
-449668608L, 1267639356L, -2123994544L, 1174373538L, -200607928L, 
1419394572L, 1059765980L, -1041711022L, -2086944640L, 1559993172L, 
1597809640L, 1054860026L, -1697964208L, -270286804L, 1672393076L, 
409244306L, -941677984L, -305658740L, -1461193376L, -291436318L, 
1853751464L, -1229100340L, 1088136700L, 1632583602L, 726308848L, 
1039304132L, -934323880L, 181548410L, 1183458736L, 1518741948L, 
894368340L, -1341796926L, -464782560L, 182799292L, -925449136L, 
-1099702302L, 408101736L, 1282074444L, 1987377916L, 1923578610L, 
-314248960L, -489384844L, 1506466312L, -1941526086L, -453592624L, 
1997728748L, 1296517012L, 161623250L, 839272544L, -1575116468L, 
-2130286816L, 905816706L, -42776088L, -1759325204L, -1661280708L, 
95984242L, 432709488L, 741183780L, 505155128L, -1284940390L, 
-389630512L, -2119429700L, -543645036L, -1142753662L, 1653936576L, 
-1978679492L, -1354320240L, -1243737310L, -1096202744L, 1954690828L, 
-1506560100L, -1858346990L, 769893248L, -111255788L, 326748456L, 
1703977018L, 633870288L, 1348545132L, 1142983732L, 953603218L, 
-1186644640L, 1497461068L, 468019680L, -1249345630L, -1736142936L, 
1214510220L, -246336580L, -1269557134L, 1076507632L, -1802321852L, 
1119327320L, 1817022522L, -1395294096L, -900287940L, 128236308L, 
1367637698L, -1255850272L, -583846788L, 621658320L, -11308126L, 
212685352L, -1263393524L, -232760388L, 1692288306L, 1813941440L, 
-328147404L, 1021679304L, -1999661382L, -561635184L, -474252564L, 
635611732L, -1964306798L, 1608121120L, 1425271756L, 44776672L, 
1275325122L, 962551848L, 1978289068L, 947477180L, -1009564174L, 
-1980062160L, -987271260L, 2141226424L, 1911324506L, 554129552L, 
1493240700L, 321282836L, 823607618L, 601850624L, -671379524L, 
-985566384L, 1777497378L, -793829816L, 1969006604L, -286666660L, 
2092612050L, 429586944L, 1757086036L, -901225240L, -1614201606L, 
1875982032L, -1901040340L, 2119993588L, 31692178L, 236747104L, 
453376012L, -903463200L, 124164706L, 873414312L, 393795148L, 
-2040168769L, -1070620663L, -210206434L, -1075247924L, 87216285L, 
1637147943L, 1249195856L, 463354350L, 699387547L, 1963819261L, 
824551402L, -1185062776L, 769629745L, -334366557L, 581610660L, 
-1032745646L, -2022913881L, 1432050929L, 2055793718L, -1519418156L, 
685410405L, -1472564625L, 1651748008L, 2043382278L, 96062259L, 
-717938795L, 1728510962L, -441675712L, -1423494743L, 1375658011L, 
901303788L, -859525638L, 1632754223L, -300476871L, -1736441778L, 
2061592732L, 1450093069L, -928119177L, 850517632L, 242597086L, 
-1729126485L, 1253085357L, 254706970L, 1797874136L, 988207681L, 
688165107L, 2100834068L, -1375877470L, 1994031031L, 729238401L, 
-609912442L, -457139260L, -1865414923L, -619277473L, 1893203384L, 
1546929302L, 352762531L, -399303579L, -1437333118L, -1038888208L, 
-861550951L, 1162431115L, -393524356L, 597339562L, 1888077279L, 
-81505431L, -1678847106L, -495301780L, -630407235L, -709489529L, 
-1741520784L, -1765299442L, 1254869051L, 465405725L, 1704076746L, 
-756703512L, -1689587247L, -1115929661L, -2089788220L, -1385225358L, 
-641761721L, -991420911L, -646582378L, 559174388L, 287921285L, 
-1284175409L, -582214456L, 1628278118L, -1667616877L, -252874507L, 
1392294098L, 1207486240L, -218159351L, -828698565L, 541410700L, 
-963806182L, 711782543L, 169920473L, 1489152110L, 758066172L, 
-28558995L, 1322636055L, -552938784L, -337489730L, -1221779829L, 
249365773L, -123385542L, 424483192L, 2111789857L, -633484333L, 
-436636940L, -1412392062L, 431032855L, 741574881L, -1865808346L, 
332521252L, -978546731L, -463349889L, 669999640L, 1871765814L, 
1137676227L, -706466299L, -76268126L, 644366736L, -313484999L, 
715660779L, 1214815964L, -1440470262L, -1198914049L, -1015456695L, 
1223106014L, -1139479156L, -138446499L, 1337160039L, -336268656L, 
1999785134L, 2086870363L, -1637031619L, 1493674922L, -25297848L, 
196109425L, 1904423395L, 1534823652L, -836405230L, 1883003879L, 
-260717647L, -1299120650L, -591495148L, 1314656037L, 51689519L, 
